Steepest Ascent Hill Climb
k= 100
number of runs= 100
0  131705
1  132101
2  131692
3  132823
4  131769
5  132418
6  131401
7  131617
8  132248
9  132031
10  131707
11  131486
12  131948
13  131727
14  132716
15  133062
16  131711
17  132112
18  132010
19  131236
20  131190
21  131828
22  132288
23  132096
24  132380
25  132217
26  131110
27  131656
28  132531
29  131135
30  132344
31  131637
32  131523
33  132629
34  132827
35  131727
36  132929
37  130928
38  132092
39  132130
40  132621
41  134115
42  132046
43  131684
44  132113
45  131844
46  131838
47  132236
48  132029
49  132195
50  131965
51  131965
52  132516
53  131300
54  131138
55  132146
56  132222
57  131957
58  132641
59  131689
60  131834
61  131919
62  132840
63  131935
64  132515
65  131913
66  132514
67  131130
68  131428
69  132724
70  131892
71  131520
72  131295
73  132066
74  132023
75  131999
76  131833
77  132342
78  132005
79  133294
80  132478
81  131727
82  132144
83  130978
84  132235
85  132041
86  131630
87  131737
88  132341
89  130921
90  132221
91  131148
92  131635
93  132659
94  131917
95  132232
96  131637
97  131308
98  132219
99  131857
best solution= 134115
average solution= 131990
